0.9681618227829457
0.9581387745317717
0.9891085230540385
0.9880306917241756
0.9704703053855074
0.9887818107643099
0.9796510933028638
0.9667182024875015
0.9860197697688435
0.9499876130219803
0.9970983548974306
0.9854736561711233
0.9698793892843295
0.9748716193041489
0.96947142080458
0.9739388643239019
0.9780906865573024
0.9805943272527471
0.9911644699212766
0.9746864210656482
0.9723814326643734
0.9825069796318474
0.9817999042984348
0.9755114080836865
0.9718866920526037
0.9335170520923782
0.9317949267734502
0.9744427777654755
0.9402572700827772
0.905810290684892
0.9434073580344452
0.9408269048157253
0.9877921103496441
0.9881391388764039
1.002848741739511
0.9934782848968087
0.9819955730823684
0.9949040370490235
0.9909393565186749
0.9947537445196194
0.9874247730207423
0.9837347888818464
0.8972499299969502
0.8682177564059916
0.9114767138176619
0.8738838790207387
0.9072316405316551
0.9426288053970563
0.9832340724688994
0.9783266961269863
0.9710523412463714
0.9639277458283577
0.9938981872559279
0.8934521344500707
0.9209626351743863
0.9380986871392342
0.9480118347736083
0.9199572993656308
0.9515626555176271
0.9619519622274915
0.9018079104870099
0.929177463592831
0.9645611229344938
0.9279354639536527
0.9492441301154226
0.8923080978994193
0.9767949118568247
0.9824024888168308
0.9505586334650918
0.9866452407414438
0.9933597039518974
0.9709530286737997
0.982612501877363
0.9912324771710745
0.8707042755149581
1.006681856707808
0.9897532268985122
0.9831316592081193
0.982586621321163
0.9825959110941276
0.9904346485217629
0.9925108482597601
0.9700904070360535
0.9773084435469412
0.9837988662218621
0.9713484271697964
0.9442556001335511
0.9977430620358156
0.9871508263055844
0.9928060543663281
0.9863462553411492
0.9946594018802526
0.9987156685311042
0.9767797667932985
0.9952529779710385
0.9853243262164169
0.930602777631442
0.9550864093901102
0.9457186735997248
0.929740892584063
0.9452994655886645
0.9361959851448469
0.9425757404438482
0.9498879895517567
0.9604110424660006
0.9566491177477836
0.9848953155135508
0.9642003456777585
0.9868493525139009
0.9846994208420529
0.9576658684378232
0.9677290500668186
0.8973694637864564
0.9276556023767912
0.9673822158153305
0.968903016208898
0.9695380077400232
0.9783929593608591
0.9501347134476786
0.9296506214591945
0.8377363385512057
0.9757599541086758
0.9630822247456158
0.9803129310392378
0.9889112540191647
0.9843001968561136
0.9782175472647225
0.9963878617325019
0.9927114241344703
0.9977806929689754
0.9840106611138403
0.9847967381495896
0.9935265126066929
0.9727132447639999
0.9843160694981382
0.9940063811761912
0.9727132447639999
0.9771961709619494
0.9922100730413286
0.9906416474358821
0.9700566659727464
0.9867478723495463
0.9726599562756281
0.9712074061203766
0.9700692331502546
0.9548837660198255
0.9747762851618952
0.9600401038952503
0.9828222882023959
0.98520556684598
0.9758804999516884
0.9818664126834067
0.9870120443749709
0.9435722938885794
0.9433053416110334
0.9481770463484057
0.9420195999696177
0.9612708877121658
0.9782123083264564
0.977671018035661
0.9781732075613973
0.9507909349944493
0.9860477161332771
0.9652378771277549
0.9702888924185076
0.9741673952276437
0.960207105710962
0.9817351439356836
0.9805032760909768
0.965624192489212
0.9695804958914515
0.9807308594252686
0.9624968561241181
0.9821076103222248
0.9295026249591409
0.9562995470933365
0.9378405518762384
0.9567071553702018
0.9891565458622626
0.9544854014523662
0.9665881384079484
0.9861879298477972
0.9750075819001328
0.9682119916444791
0.9739846728271818
0.9784615537883827
0.9873409081993325
0.9353626044844743
0.9863530964465401
0.9757922977139006
0.9747529185382688
0.9666272883642166
0.9838460661627072
0.9823942586480777
0.9774786267705049
0.9905575228034548
0.9913143433434295
0.9854739457553625
0.9864478934729882
0.98762655671155
0.9910311258121273
0.9592022716396491
0.9891524469293186
0.9659711869805397
0.9800450650254767
0.9930543543418702
0.9782196617707026
0.9856728200945146
0.9873058994468118
0.996671902462015
0.9794360914387227
0.9804919832778938
0.9919639421894977
0.9763430152399165
0.9811275308626088
0.9852896301709696
0.9913545255859038
0.9855729496814405
0.9791925339411571
0.9709330191536615
0.9650355915445147
0.9787850517848583
0.9378485266982699
0.982543562510512
0.9739559137121264
0.9777675981027804
0.9792146567242928
0.9914411065302253
0.9530028328693684
0.9966423197453634
0.9821133389556095
0.9833924876306634
0.9822456678914038
0.9817004287410299
0.9910037306267285
0.9849088851318712
0.9759869269864156
0.9754275835201468
0.9528153532539498
0.9497044675663843
0.9464566339478604
0.9461104821696129
0.9726389816375108
0.9710582739087499
0.969836675402875
0.968212705861016
0.9758457199952292
0.965390500854787
0.9711510649989001
0.9616372198659681
0.9852417899062048
0.9595875165253342
0.9909258714773245
0.97133729717631
0.9694670363313168
0.9610196392705382
0.9578189279245806
0.9436239056885738
0.9767641420393629
0.9756847496427293
0.9919644290030524
0.941168259454474
0.9575017430453412
0.9496313266972619
0.9703806131568926
0.9563354138392529
0.9553511334007274
0.94909371226771
0.9647415352597232
0.9732497882413382
0.9817206423802551
0.9821011118532087
0.9591823120040467
0.9690632335496424
0.9851789095166755
0.9789846774740207
0.9675472303879495
0.9785453246713613
0.9821125854417619
0.9780091243702969
0.9600678034413
0.9868161793102503
0.9712345753299441
0.9629874694757783
0.9612221765028577
0.997304537881591
0.9750770278751195
0.9881161395858551
0.9662475427545228
0.978082270877245
0.9652085036496584
0.9793951941378423
0.9932665947884135
0.9780205837764819
0.9804824033410151
0.9306945792243206
0.9871201003881139
0.9801672692778233
0.9581182271094172
0.9876165097412338
0.9699059550523549
0.9585376056900778
0.9686290196979216
0.9842419911154799
0.9958867082796672
0.9748458447141664
0.986185751971003
0.989330212488361
0.9425602607705609
0.9104326642629418
0.937589679026822
0.9392134081583133
0.95274409425464
0.9486442910747994
0.9294939892763132
0.9561924983604286
0.940062399298274
0.9316528261960801
0.9852087054378704
0.9386224364842696
0.962101188390416
0.9533169595507456
0.9365162250351375
0.968325347145223
0.9143824081842312
0.9341717268810399
0.9484896364558212
0.8861420881029839
0.9609539085001821
0.9584518711480897
0.9657292064430686
0.9780761017973133
0.9449645987489608
0.9720408710400334
0.9691277822807228
0.9574543056885157
0.9816337244390221
0.984734517760622
0.9861872069350691
0.9820427125290527
0.9931010779435081
0.965329177661248
0.992542607440481
0.9838844645474639
0.9771510806041341
0.981612704168252
0.9695923644124815
0.9901289655448611
0.9634778205662269
0.9923614613682868
0.9885306977894129
0.9691053200738299
0.9780310957082993
0.9581221635564843
0.9729773226884535
0.9870959502753472
0.9643842412797945
0.955646968934574
0.9398675724204792
0.9751586865174228
0.963539249938023
0.9857857734784407
0.9823746722051929
0.9622008026231245
0.9794359708545227
0.9652551102736839
0.9827116554696157
0.9685771276780185
0.9244561612864294
0.9352509692808492
0.9147747928524356
0.9513727938304514
0.9517322782609355
0.9355525794490672
0.9448712205821149
0.9498378469015998
0.963625558168049
0.9624665982182834
0.9584713743099128
0.9469424610613165
0.9959061676076643
0.9948177053368557
0.9821507157188824
0.9890435004134333
0.9886350488473009
0.9899504035899315
0.9820258201157207
0.9931431933030394
0.9904412330788116
0.988315885376271
0.9865376131519
0.993599036718435
0.9807560905439636
0.9903500375387043
0.9731344194796584
0.972314104111132
0.9756319836980775
0.9780060310249379
0.9695586125443617
0.9804994709138257
0.9792019713038963
0.9758716587961231
0.9906019802540117
0.9821198583941747
0.968308964012061
0.9799112829460129
0.9891883121162118
0.9891685649459965
0.9987100500982348
0.9569320128626061
0.9818776063533731
0.9702935543567532
0.9915591470069883
0.9978393554789229
0.9783623835429563
0.9614310190664281
0.9694954698795684
0.9739539629211472
0.9488337902371096
0.9744153991037966
0.9807935955672606
0.9547230785548839
0.9722672543558701
0.9762442635189699
0.9837837623167661
0.9728880612220198
0.9842571511965381
0.9336570186142938
0.9495946300634348
0.9621152440143754
0.9639878494822262
0.9566231866395153
0.9746674681031902
0.9403428313513547
0.9578083873603476
0.9449436989408289
0.9522941116743456
0.9520089126103081
0.9663432098021563
0.9764588567684769
0.9630156563986106
0.9840959755393928
0.9791291821746799
0.9807656290246428
0.9723925210740576
0.9692964731701755
0.9760934242892422
0.965966615671391
0.9653037539261488
0.9288673700534694
0.9669307313000625
0.9769169446259736
0.9884934414483114
0.9797427314961971
0.9590219267395867
0.9747747165811733
0.9918235742261841
0.9728373147769082
0.9812858570411578
0.9736316790831523
0.9708261836705789
0.9612688543295487
0.9891227907228527
0.9870432114252976
0.9770992964148189
0.9660822848961594
0.96091723724026
0.9659871537642508
0.997201605288839
0.9400170017391677
0.9534336787081074
0.98060225887179
0.9606604624641788
0.954134778939362
0.9722988886289005
0.9713185541913446
0.9791497531916556
0.9798392105072133
0.984957551067074
0.9614727989217823
0.9662124884121699
0.7290438492370084
0.9713228574308307
0.9770277343806841
0.9616408547368781
0.9592056223019646
0.7864109427771266
0.9729609587783997
0.9498715685144159
0.9473929772107681
0.9791084454631565
0.9276474596214493
0.9573473300947467
0.9466478535653599
0.9627211673594077
0.966343084041797
0.7742612177319731
0.9904234787979582
0.8212168624350136
0.9681553170014193
0.8913949994255375
0.8821306878144708
0.8559565889537285
0.9389189656096415
0.9829437154190955
0.9772191560423946
0.9845891256228775
0.9492398931385081
0.9627590756226997
0.9391895600074711
0.9670139789467505
0.9210143131389481
0.9130890894533615
0.8624043191616778
0.906435589885583
0.9435337286095985
0.9186086905947768
0.9185041632375993
0.9150798411579032
0.9219066904393479
0.8929383078162874
0.8842482475513815
0.8756254733866657
0.8797368140946429
0.980930429605664
0.982481149985242
0.9635875391249323
0.9638968167128427
0.9076886389489698
0.9422339403247606
0.9287284273284483
0.9515017495946707
0.9765811279025751
0.9649880982973156
0.9559938532156105
0.9801392349733351
0.9770369884292736
0.9731307094082361
0.9961510621767002
0.9919103677594269
0.9679458360533736
0.9828195884520535
0.9933183123841607
0.9779810840550633
0.9896432534678078
0.9796461171921947
0.9436846318909645
0.9914599239128368
0.9536108868954248
0.9687914223486077
0.964300801208773
0.968181397141678
0.9736404184285141
0.9765725339243765
0.9614249678640353
0.9803636399143437
0.965234645017492
0.9687867713819853
0.9722095697109627
0.9435336866659463
0.9749500218074157
0.9564845075241056
0.9432929563403866
0.9564930864039937
0.9807116032779333
0.9769853700106168
0.9755670731134587
0.969573212353524
0.965804330075802
0.9631978825653413
0.9506247563915474
0.9585750526098537
0.9853721650018522
0.9881980516895318
0.9561608519989976
0.9871160889716966
0.9868306713556373
0.9689540476220048
0.9796204984023319
0.9751741678181534
0.9792954289770232
0.959058219920621
0.996250093706101
0.9772778868504102
0.9863020188367235
0.9878015391234051
0.949627402193309
0.9850955935815454
0.9810843276516215
1.0028152205079552
0.9585370831030839
0.9815443964528159
0.9778897139619609
0.9870177898107787
0.978196647786428
0.9593835900226483
0.9514127920958818
0.975826687323662
0.955486461311272
0.9570675488046484
0.9767983476859351
0.972552049129015
0.938065833526036
0.9669877693192349
0.9773845932564719
0.9630622551827399
0.9471161135613794
0.9510019260570353
0.9791677735589744
0.9593117586500857
0.9612537243747629
0.9690985193951174
0.9563071084681342
0.9622479154993253
0.9617123104326761
0.9752286064959367
0.9597702982021205
0.9519573966187548
0.9822788788714801
0.9442332739208643
0.9720798153948651
0.9364874776804983
0.9347497839783981
0.982946231738382
0.9499465810297205
0.9396964461339277
0.9682638737602626
0.9606488400217763
0.9448566461508628
0.9085198707777278
0.9427903353217447
0.974114617815578
0.9748395110516395
0.9509948542558884
0.9558049271572
0.9664226994050517
0.9318356401305163
0.9414891971632422
0.9582406933106924
0.9560030761517767
0.9557098672874007
0.9599706372696393
0.9587437108950898
0.935072823058252
0.9422754573351544
0.9908507230683553
0.995518257375759
0.9578245054250131
0.9952135201175554
0.9668231801864388
0.9730507780493722
0.9744777399133575
0.9813940290605262
0.977818342765609
0.9946086386254445
0.9851075501708589
0.9925262823328086
0.9851075501708589
0.8839366389892397
0.9820292987230979
0.9898702748973953
0.9521449715259582
0.9553817264029383
0.9827827708601067
0.9925262823328086
0.9764738002093021
0.9703538930957314
0.9354744230266261
0.987851738996026
0.9571885976804727
0.9695392825628731
0.97416064456056
0.9792791714513411
0.9738251853444697
0.9663900857445455
0.9483217284666463
0.9670284075790312
0.9761741489822564
0.9695334629231392
0.971107019961552
0.9797301375322763
0.9519157244739326
0.9828218465662024
0.9751660567593776
0.9793860230300646
0.9528790410446282
0.9676621334267521
0.970543556260509
0.9486251195158314
0.9715390557883156
0.9755221073639521
0.9740095212278045
0.97750786642075
0.9881930626700198
0.9838741634973077
0.9716304678110822
0.9773768974301137
0.9863010872090697
0.992795075836123
0.9843108133828188
0.9845611528995841
0.9658733735205975
0.9654324480431402
0.9863870383926717
0.9803313009969228
0.9633345961262314
0.9845020570006825
0.9842326110844136
0.9843644817174326
0.9786694753306855
0.9949991021686247
0.9805932135241325
0.9884891837329601
0.9515529457631223
0.975832264442898
0.941133936208682
0.9686969841701033
0.9422042189565577
0.9649044800310584
0.9766884305692252
0.988762077744476
0.9136667839626548
0.9699997939234594
0.991335216948969
0.9973951724956209
0.9700181795400975
0.9650340540603859
0.9517827520282793
0.9629804001700978
0.9795437083191341
0.981503373532796
0.9407215255156356
0.9658036471507443
0.9836787088985388
0.9817193680464984
0.9644240758705275
0.8833210389108103
0.9577821779431575
0.9809869363114104
0.9896417887369882
0.9833918583357133
0.9885515586900874
0.9845165168634389
0.9772161922182814
0.9924441747391081
0.9863561051826942
0.9772187150730357
0.9669192077195433
0.9819758973587662
0.9942282423734536
0.9762660874571387
0.9580056647660276
0.985803508373865
0.9683078417020455
0.9635835796742801
0.9809226756143042