0.9979774538787783
1.0028619003262969
1.0050622120574124
1.0052005066463772
1.0075643462014334
1.0030847360570267
1.001565649171204
1.0001142613905465
1.0017894010713222
0.9978540854340093
1.003408420463368
0.9987127424914733
1.001839745216749
1.0081716765748643
1.0026321809508603
1.0032808779112834
1.0020028873623803
1.016085695540409
1.0183306436478547
1.004179430805193
1.0074416659022254
1.0037607629212075
1.003436600448202
1.013318785828739
1.0117929165059951
1.0018317961625456
1.0177044032059928
1.0083690271466375
1.0089972544146062
1.0144905869304999
1.0047692657892455
1.0040130384022279
1.0063772962376396
1.007238257788675
0.9994819620225265
1.0155527578901866
1.0051895268166986
1.0152988597408952
1.0150610060327436
1.0155152474808167
1.0031885134462253
1.0117428509560549
1.0070861920392185
1.0039651618837437
1.016259039374552
1.006693078741476
1.0124663572094197
1.0075606168747004
1.0109140240618415
1.0094375072717952
1.0059443893265312
1.0079396736403636
1.014611882344742
1.0115758257297782
1.0063056805367132
1.0119518326420964
1.0066648846086321
1.0068616322622166
1.0010445539850774
1.0079797215405988
1.0034550891394443
0.9989792372617471
1.001590658679114
1.0032344183133433
0.9990879084500275
1.0057401034191689
1.005158687593035
1.0017197522315444
1.0048068821108085
0.99725594871897
1.0207872939291074
1.002187477838089
1.0181807667830134
1.0027733629597322
1.0203348116759552
1.0038998714899148
0.9988297513533135
1.000101002530985
1.014064926971659
1.0032868691828483
1.0075624946681991
1.0066411718301327
0.9969240348068381
0.9918747952664383
1.0015778737401144
1.0078734311224937
1.0010628262467314
1.00290940103831
1.006853392565361
1.0102707087980463
1.0045675628727726
1.0049476520290095
1.00328806634361
0.9985765839582946
1.0069808704834293
0.9981499097278351
1.0006295764144901
1.0110972286219668
0.9973254939024242
1.0039926672782784
1.0044762915210328
0.9972591302487367
0.9977341635883288
1.0035084814908766
1.0022114446942971
1.0073302946871285
1.004091735002724
1.0074584673312783
1.0095347162663115
1.013943744636961
1.0085919452299439
0.99849104539846
0.9997218105513342
0.9988855809529198
0.9987412410055344
1.006081653940566
1.001323352267155
0.9988253684487599
1.0026516982999982
1.0049651014748961
1.014306574030298
1.0034021811638791
1.0043616139192162
1.0050414725730068
1.0073029053712645
1.0027701359878827
1.0150213087619453
1.0183143910614663
1.0181292113839755
1.0081590166540813
1.0175727268750547
1.0060193392929115
1.0118392272455845
0.9977113212988427
1.0077925749764436
1.0126558573100115
0.9981764202944498
1.0047930612494083
1.0090177275519177
0.9970148166636198
0.9955041871775625
1.0039537398980323
1.00328940563404
1.0000102939227649
1.0018643681943527
1.0032745891529746
1.000641902324361
1.0015588161526732
1.0022870416889131
0.9998081542022259
1.0009036177318222
0.9984144721915643
0.9981512167618324
1.0026634109550703
1.001401406739021
1.0012167441936284
1.0027026309031644
1.0021239760813307
1.001690368102801
1.002543859668579
1.009743624846475
1.0110250886395802
1.0099114506310634
1.0041109625707445
0.9986927929969474
1.0049678254262455
1.0090331357956763
0.9974051917397723
1.0068707552738296
1.0063966330802667
1.0067479135342103
0.998104080716937
1.0074365123943716
0.9998220398189895
1.0015911458102715
0.9993531459407066
1.0020033948407205
0.9993447044317063
1.0004747570490986
1.0091698538365406
1.008054908185694
1.0054565085131395
1.002290169687467
1.0049064841873343
0.9993807560382273
1.0020188385979034
1.0059187456906526
1.002859595183085
1.0023803670478408
1.0021150412152038
1.0058903215532797
1.004724499694605
1.0033970533610528
1.0016702819109575
1.0045387946059698
1.001007758614968
1.0038664541391586
1.0011466359217462
1.0010762778683908
1.0027160941963777
1.007488883147279
1.002285598375629
1.008048599893152
1.000263560113429
1.0081240945306975
0.9977896929368194
1.0034716171758267
1.0099318760903502
1.0025058724622007
0.9775575029611258
0.9994577491181229
1.0059812243415387
1.0038021560931032
1.0052863391346047
1.0002986507062448
0.9992739374955847
1.0036512341429156
1.0031130896545437
1.0007889665380194
1.0056977496123756
1.0047799006509157
1.0017006639434973
1.005220363738249
1.005796885110669
1.002188194897537
1.0008440426218668
1.0007268851970184
0.9998910313315377
1.0004879716541375
0.9926455726285753
1.0024549373206588
1.0046153767355024
1.0034621033799123
1.0050457900124101
1.0065716108446985
0.9984437998209611
1.0084452369504275
1.0053702376197546
1.0071209177901927
1.0053743189458406
1.004915111154575
1.0077655035342543
0.9972961061849148
1.0001987601549533
0.997639987484656
0.9998065214655694
1.0077629761869784
1.0049366731475007
1.0029745371576222
1.0021501364984984
1.0097310295685102
1.0115969387364738
1.0145266627557472
1.004913342693691
1.00290121972765
1.0072077045002412
1.0095790015353476
1.0082318106959434
0.9971258438704254
1.0082475754780564
1.0067846331662087
0.9998588777925471
1.0080673364702315
1.0072659736855845
1.0025323372780435
1.0008536321178958
1.000812650662808
1.0029701979135146
1.005007813583853
0.9996838788401692
1.0009741272374406
1.0031363818617254
0.9992105268559734
1.0030889262224765
1.000215217271028
1.0000001679760298
1.0005363819050028
1.0001588687076124
1.0000999939518558
0.9996549411647168
0.9997038027540128
1.0007556071060324
1.0128088652736176
1.0107466912506864
1.0085975435931096
1.0125471099128387
1.008308885515353
1.0018145070780908
0.9942381983107026
1.0034262707115105
1.0092821626452535
0.9953846196828485
1.008249117504008
1.0000803909911664
1.0091632830105162
0.9967243736060954
1.0072247767020912
1.0044632846760186
1.0096960828755437
1.0001938583681578
1.0059564503513085
1.006277198169535
1.0021086890904565
1.0108761117656484
1.005114030330079
0.9998457004753518
1.0017573517735618
1.0021982709555795
1.002711034636134
0.9993480875564805
0.9986415710521758
0.9972314655378163
0.9977916694546122
1.003560898569631
1.0005887962740283
1.0055215714359693
1.0005973938957
1.0074285065268807
1.0091326049695144
1.0107955532902562
1.0076290411949518
1.0078039412740862
1.0035095227892252
1.0022206537098137
1.0044161003850152
1.0059753822298279
1.0040024681557858
1.0013811788783613
0.9975339101826304
0.9967031386601517
1.0059450608540137
0.9978308712477455
1.000492666443437
1.0061787373947415
0.9967105930652413
1.0052177918201337
0.9969929120227263
1.013036461360836
1.0144364245098707
1.011521765468081
1.015968081822777
1.0005134930396251
1.0109836613358374
0.9980937976986168
1.014105303628049
1.002997957118081
1.0064266722774942
1.0064515694382512
1.0140007930967891
1.0065173564953145
1.012370066732149
1.0024804724667797
1.0068375580340807
0.9992372782865717
0.9997816592353385
0.9986267282700932
1.0037248302151762
1.0109826053748674
1.0018180767358877
1.0002169711503481
1.0038083318001692
1.0058853270423043
0.9969085971973838
1.0033444437457917
1.001364801625221
1.0067343791778274
0.9669435801695466
0.9945065632154584
1.0024952368256057
1.0014844509328318
1.0043299090831619
1.0039591832163335
1.0016635216970717
1.0002016427396285
1.0014628782185362
0.9996004788362679
1.0010140806657257
1.0010055272948173
1.0031479710078601
0.9971162581861305
0.9983732494387584
1.0008464031163196
0.999376107125502
1.0012046398521735
1.0024633589996532
0.998314016144208
0.9983191303474815
1.0025854143744348
1.001693407543468
1.0017963856973984
0.9996894300280899
1.0076911093740004
1.0066484196012044
0.9988536002891735
1.0089128523380164
1.0043416618342453
1.0098677638972489
0.9991418913937167
1.0027852825570334
1.00032068387771
0.9831136911695311
1.0006232522368927
0.9995691242857392
0.9985005351240613
1.001159867901412
1.0074180614064054
1.003077406566405
1.00594760431914
0.9987988276467882
1.002839154865398
1.004767623996523
0.999365912033303
1.006101023124276
1.001808060614089
1.0035501841833585
1.0046753168919198
0.998321583718693
1.0031017793406545
1.0008284029998853
0.9998141665856478
1.0043808309676154
1.0045834469297572
1.0030732741105741
1.001202295577885
1.0036812422695927
1.0007601726311186
1.0042696267089104
1.008237259822748
1.0070261091242176
1.0049595428274274
1.0025358430533
1.0025427868592303
1.001641438291221
1.0030893307510047
1.002273724704238
1.006961706724856
1.0046553408839245
1.001624941556214
1.0046492529674593
1.0036719054663998
1.0020298637222618
1.002591385467276
1.0061016178149065
1.0031684536802108
1.0011401624158753
0.9990889645371305
1.002507506895762
1.008577519099688
0.9994043601452848
1.0062192638720073
1.0088997161258144
1.009028206266821
1.0002575832517848
1.0004788403207687
1.004415653033934
1.0033570634534519
0.9984669112598221
1.0072138444306054
0.9945543307636929
1.0064738376403914
1.0059517107616012
1.0011175143249273
0.9998449007501731
1.0027682607070898
1.0035988545753867
1.0063818798456088
1.0049651623459794
1.0066134892396519
1.001557720552144
1.0069216692853469
1.0045664288325948
1.006840526159129
1.0007116239303537
0.9996474883861339
1.0050485846530013
1.004664881462588
1.0043023934834931
1.003416393590272
1.0024455827144738
1.000964826089854
1.000662125112845
1.0037734881349796
1.00057544319971
1.0024597203676646
1.0088040665174256
1.0064898472276376
1.0113062049282857
1.0013808156066881
0.9934585608652207
1.0065095422043697
1.0117002184737833
1.0028933204093462
0.9994382179766779
0.9990526494534364
0.9969235981880468
0.9938174387289017
1.001828030904721
0.9966765580757159
1.012421544126605
1.0161356524997633
1.0165127988610194
1.0162331010033705
1.0128738549260043
1.0084434897528178
1.005252803055955
1.0095491786600366
0.998358117325261
1.0098649306560656
1.00248327191195
1.0028243131010917
1.0169614264689781
1.0114999099784023
1.008955308474799
1.0109584699184253
1.008081972607224
1.009632301624737
1.0027793582787552
1.0073189704356302
1.0073217909862653
1.0058358189153382
1.000965297419525
1.0021949695302566
0.995054523247891
1.005139302074972
1.006149349044532
0.9990820370882519
1.000904096169172
1.0018780667126506
0.9989303948020867
1.004791514900852
1.0065582647202522
1.0022063361186428
0.9986369556344857
1.0048882645705837
1.0193198930172378
1.0148514291477668
1.0149611305903907
1.021317876214945
1.0143929554569537
1.021322356888318
1.0077288101515156
0.9989549195191105
1.0014913265784804
1.0086748584964385
0.9963473729057165
1.0105316000813502
0.9999015743764501
1.0083390911339791
1.0019180186718155
1.0142173000064953
1.0151895102902904
1.0067987793524302
1.0090967616391167
1.0047816564248673
1.015078532895395
1.0124509633937724
1.008309889649012
1.0028101958664322
1.006691516399128
1.008083313179466
1.0022830734312125
0.9980853093767261
1.003894930558528
0.9997727663148236
1.0039077057661696
0.9920622167315207
1.0027132843736422
1.0028576183943092
0.9992923587758648
1.0011176523674261
1.0055652932967178
1.0052569068387678
1.0043839877373082
0.9991240476037069
1.017116962552022
1.0238866104661855
1.0093958893496908
1.0156914838281648
1.0210826314682615
1.009229706576386
1.019873078913826
1.0169012408112352
1.0145206992577882
1.016514736858095
0.9946512841359973
0.9897104111669429
1.0090656298280911
1.0149719513031925
0.9988009599977903
1.000399652959016
1.0006049108065205
1.0076976711049959
1.013748138384264
1.0089516080622676
1.0005448204378604
0.9983001725515805
1.005378596302299
1.0134533257812433
1.011293441195426
1.0071991693859896
1.0107359774894782
0.9987954755291495
0.9919792418462627
1.002560741038523
0.9975021111949114
0.9995340209593919
1.0038571691159572
1.0148838366460446
1.0045116280835908
1.0013492862930968
1.0106151808418762
1.0079022798126533
1.0145970198935275
1.0075049775916376
1.0032453823682508
1.0086685386511864
1.0084190693234583
1.0085201013847758
1.0074122170863684
1.0011667387044048
1.0082429935157422
1.0007744267663643
0.9950852017535129
1.0004152867546288
0.9995988887227248
1.0040217564323495
1.0036058797208982
0.9997050943970827
1.0045843121474114
1.003669581025528
1.004522592228792
1.0017565390312113
1.0031110222069544
1.006656294350909
0.9978599295303479
1.0006414123619782
1.0041080485047955
0.9994027712093516
0.9971268422179141
1.0035605277663653
1.001226108228472
0.9974450030637146
0.9988162370907248
0.9994403830507763
1.001153350457653
1.003123624665383
0.9958272657528656
1.004675685795405
1.0035851817997667
1.0104212043619791
1.0063144945429632
1.0040814146413564
1.003332470585541
1.0053859123597595
1.0024884119133743
0.9961245449992788
1.0016232448642868
1.0078093787302613
1.0047984752752195
0.9990604358774557
0.9984100404894088
1.0029343029685966
0.9997961072688102
1.0060793455557058
1.0041504679334643
1.002444235494997
1.0005114723279518
1.002854196986106
1.0014828798085527
1.0028787840610818
0.9983707471247747
1.0030219066939077
1.0063422471576389
1.0062957425317967
0.9970296752627371
1.0052506396082164
0.9988359583502416
1.0001528886275617
1.0001429516138765
1.0028295157426619
0.9995681351198522
0.9982120509081436
1.0032147361961674
1.0057748418323469
1.0046962996376674
1.004270098548706
1.0063440346490076
1.0072073565433355
1.0069213906698808
1.0133958489016146
1.0034364357803693
1.0101779797608361
1.0042296061240972
1.0080463906668902
1.0008700997993074
1.005477390668983
0.9999952918447498
1.0019713078823689
1.005739547864273
1.0102261130726418
1.0058117488129898
1.0065996810923352
1.0059418918168823
1.0028496224158852
1.0045324566059202
1.0078571777704355
1.0037074839826567
1.0051989558477141
1.0123110654311918
1.003486991432065
1.0058931914190365
0.9947566172497435
0.9999719147888402
1.0029306482077391
1.0025770278436954
1.0062503210456875
1.0040880639844385
1.004904261692901
1.0063809339759657
0.9994615274833949
0.9997272381631829
1.0026573269155825
1.0088685046894537
1.0070784768687702
1.0003303543257847
1.0043339819721095
1.0124708831075326
1.0070305419456587
1.0027283575472552
1.000266831115924
1.0006805984748939
1.003184094322468
0.9977388335082807
0.9995802283651087
1.001707124242788
1.0008905852981604
1.0063137714152333
1.0102116900241356
1.0112612091815882
1.010440382020472
1.0050269028069676
1.0057441844385222
1.005319542529551
1.0070960092907624
1.0096725816633259
1.003213875665798
0.9998382326999676
1.0051541776655981
0.999423503469984
1.0051826302635174
1.0000044384293036
1.0053780838940376
1.0050701039793442
1.0017514556528095
1.0086494715865801
1.0032932591957293